x <- 1:10

x^2
